mode:
 channle1 : 6 #切换模式通道
 channle2 : 4
 value1 : 1065 #模式通道1杆量
 value2 : 1933
 value3 : 1065 #通道2杆量
 value4 : 1499
 value5 : 1933
cam: #相机参数
 x_err : -10 #x轴相对误差 单位：cm
 y_err : 0 #y轴相对误差
 R: 90 #相机旋转角度
 fx : 666.7638040975144 #相机内参
 fy : 675.2068368652186
 cx : 307.7119479657995
 cy : 292.3638681443858


move:
 HIGHT : 5    #初始飞行高度 单位：m
 HIGHT_LIT : 60  #最大高度限制
 vel_z : 0.5  #z轴速度

asd : 123.00
